250 250
250 249
249 249
249 248
248 248
248 249
247 249
247 248
247 247
248 247
249 247
250 247
250 248
251 248
251 247
251 246
252 246
252 247
253 247
253 246
254 246
255 246
255 247
256 247
256 246
257 246
257 247
257 248
256 248
255 248
255 249
256 249
256 250
256 251
256 252
255 252
255 251
255 250
254 250
254 251
254 252
253 252
252 252
252 253
253 253
254 253
255 253
256 253
256 254
256 255
255 255
255 254
254 254
254 255
254 256
255 256
256 256
257 256
257 255
257 254
257 253
257 252
257 251
257 250
257 249
258 249
258 248
259 248
259 249
260 249
260 248
261 248
261 249
262 249
262 248
263 248
263 249
263 250
264 250
264 249
